402
405
518
523
608
631
650
689
528
528A5
528A6
528A7
528A8
526
561
620
630
632
460
503
529
542
562
595
642
646
693
512
517
540
581
613
688
558
565
590
637
652
658
659
508
509
521
534
544
557
619
679
516
546
548
573
672
673
675
596
603
614
621
626
506
515
538
539
541
552
553
583
610
655
757
537
550
556
578
585
607
676
695
589
589A4
589A5
589A6
589A7
657
657A4
657A5
502
520
564
580
586
598
629
667
504
519
549
671
674
740
756
436
442
554
575
623
635
660
666
463
531
648
653
663
668
687
692
459
570
593
612A
640
654
662
501
600
605
644
649
664
678
691
437
438
568
568A4
618
636
636A6
636A8
656
